26 0.0921875 0.50234375 0.140625 0.4296875
18 0.10859375 0.53359375 0.125 0.1875
21 0.12109375 0.303125 0.1328125 0.1265625
24 0.88984375 0.5390625 0.1984375 0.3953125
28 0.5265625 0.6421875 0.6984375 0.2390625
30 0.34765625 0.7703125 0.2890625 0.2125
24 0.31171875 0.65234375 0.084375 0.0890625
22 0.32421875 0.571875 0.1703125 0.1234375
22 0.55390625 0.56953125 0.128125 0.146875
22 0.64375 0.5703125 0.1234375 0.1390625
4 0.46231084375 0.664275165625 0.4015365046875 0.6483677453125 0.32941454062500003 0.6581248640624999 0.3296454265625 0.7039671578125 0.40353751718749997 0.7259993609375 0.4781051609375 0.690994528125 0.46231084375 0.664275165625