21 0.24921875 0.21484375 0.2078125 0.36875
24 0.49296875 0.4328125 0.0953125 0.2109375
24 0.609375 0.58984375 0.0875 0.284375
24 0.70859375 0.63671875 0.09375 0.171875
24 0.0578125 0.53046875 0.0796875 0.1359375
24 0.9671875 0.553125 0.065625 0.121875
21 0.66796875 0.0796875 0.0921875 0.1515625
22 0.2546875 0.5640625 0.15 0.1453125
22 0.3359375 0.53828125 0.1171875 0.1546875
30 0.5109375 0.79921875 0.2296875 0.3625
4 0.8828125 0.65859375 0.0171875 0.0984375
4 0.9125 0.66484375 0.0171875 0.0984375
4 0.94296875 0.67890625 0.0171875 0.10625
4 0.96640625 0.68515625 0.0140625 0.103125
4 0.8828125 0.76328125 0.0765625 0.0890625
4 0.96796875 0.784375 0.0578125 0.0953125