18 0.43984375 0.19921875 0.084375 0.2546875
22 0.35703125 0.58203125 0.0765625 0.0765625
22 0.5328125 0.5859375 0.04375 0.0921875
22 0.56484375 0.58828125 0.046875 0.08125
22 0.1875 0.596875 0.08125 0.071875
24 0.43515625 0.62421875 0.0453125 0.078125
24 0.1859375 0.45234375 0.075 0.2109375
28 0.00666961875 0.9121804593749999 0.1007016859375 0.9135429078125 0.26158726875 0.7216492234375 0.273077890625 0.58168936875 0.1475632015625 0.5081933078125 0.01106920625 0.5269460171875 0.00666961875 0.9121804593749999
30 0.434375 0.740625 0.1765625 0.2046875
21 0.8671403015625 0.2479317859375 0.806962025 0.2707972265625 0.8113616140625 0.44343045937500003 0.8758383375 0.44366740781249997 0.8671403015625 0.2479317859375
31 0.8698373671875 0.44385357968749994 0.755431215625 0.43575505000000003 0.7564875671875 0.6087098546874999 0.8751247390625 0.6593658609374999 0.8698373671875 0.44385357968749994
28 0.6225052140625 0.7369069546875 0.606345296875 0.5466465140625 0.5771270859375 0.5071016578124999 0.3255414359375 0.51329614375 0.290266065625 0.5935028984375 0.303633396875 0.7337166234375 0.3475281390625 0.7295785046875001 0.352967221875 0.6494055999999999 0.5016991515625 0.643651159375 0.53430555 0.6516227515625 0.5254838984375 0.7416120546875 0.6225052140625 0.7369069546875