21 0.5015625 0.375 0.25625 0.3765625
18 0.1015625 0.5375 0.128125 0.225
18 0.90859375 0.5421875 0.134375 0.234375
22 0.346875 0.6953125 0.13125 0.2109375
22 0.23984375 0.70078125 0.084375 0.221875
22 0.60703125 0.71796875 0.1046875 0.125
22 0.68125 0.6921875 0.0890625 0.2109375
22 0.7625 0.678125 0.09375 0.25625
24 0.61875 0.85234375 0.090625 0.184375
28 0.9181479359375 0.6865301500000001 0.809919725 0.6126167859375 0.190468884375 0.59696158125 0.090376828125 0.6632570875 0.09244866406249999 0.9929140484375001 0.23079688437499998 0.9999026796875 0.2846478109375 0.8842756656249999 0.6827818140625 0.8807435968749999 0.744197740625 0.998358971875 0.919435834375 1 0.9181479359375 0.6865301500000001
5 0.4890625 0.92421875 0.0671875 0.1171875
5 0.44375 0.87109375 0.0453125 0.175